dimensions: 2 
 ms_mean: 1.074906e-09 
 ms_sd: 1.896299e-09 
 ms_confidence: 5.492886e-10 1.600524e-09 
 prs_mean: 9.361682 
 prs_sd: 14.01584 
 prs_confidence: 9.152888 9.570476 
 difference: 9.361682 

