dimensions: 2 
 ms_mean: 1.18681 
 ms_sd: 2.152744 
 ms_confidence: 0.5901105 1.783509 
 prs_mean: 8.51258 
 prs_sd: 2.924504 
 prs_confidence: 8.414667 8.610494 
 difference: 7.325771 

